RS_number	rs139920129	rs5754100	rs131656	rs5998509	rs138665726	rs140488	rs131664	rs59391722	rs131665	rs140491	rs11089620	rs2266959	rs140495	rs2256609	rs140498	rs140499	rs2266961	rs181359	rs181360	rs73166619	rs5754166	rs5754177	rs181366	rs5998576	rs73166622	rs5749495	rs12484550	rs5998599	rs9621715	rs5754234	rs5754238	rs1034329	rs2283789	rs5749502	rs5998619	rs73166630	rs73166632	rs2266963	rs4821104	rs5754295	rs2283790	rs4821108	rs5754344	rs4821112	rs5754352	rs12169001	rs738127	rs8137950	rs4821114	rs8139079	rs2876971	rs4821116	rs5754387	rs7445	rs4821124	rs12158299	rs9619386	rs5754422	rs67163745	rs5754426	rs4821130	rs1811069	rs2298428	rs11306247	rs12484001	rs5754508	rs5750131	rs5755799	rs13056225	rs9610329
rs139920129	1.0	1.0	1.0	1.0	1.0	1.0	1.0	1.0	1.0	1.0	1.0	1.0	1.0	1.0	1.0	1.0	1.0	1.0	1.0	1.0	1.0	1.0	1.0	1.0	1.0	1.0	1.0	1.0	1.0	1.0	1.0	1.0	1.0	1.0	1.0	1.0	1.0	1.0	1.0	1.0	1.0	1.0	1.0	1.0	1.0	1.0	1.0	1.0	1.0	1.0	1.0	1.0	1.0	1.0	1.0	1.0	1.0	1.0	1.0	1.0	1.0	1.0	1.0	1.0	1.0	1.0	0.01	0.291	0.294	0.472
rs5754100	1.0	1.0	0.987	0.981	0.973	0.986	0.984	0.973	0.986	0.986	0.967	0.967	0.983	0.972	0.984	0.983	0.985	0.983	0.983	0.966	0.978	0.975	0.979	0.979	0.979	0.966	0.966	0.978	0.955	0.955	0.979	0.979	0.979	0.966	0.98	0.836	0.979	0.966	0.972	0.977	0.979	0.977	0.954	0.975	0.975	0.973	0.975	0.939	1.0	0.974	0.978	0.949	0.97	0.975	0.967	0.975	0.958	0.971	0.971	0.971	0.971	0.977	0.947	0.67	0.664	0.709	0.178	0.114	0.098	0.218
rs131656	1.0	0.987	1.0	1.0	0.999	0.998	0.997	0.989	0.998	0.998	0.989	0.989	0.997	0.989	0.998	0.997	0.984	0.997	0.997	0.99	0.983	0.971	0.992	0.992	0.992	0.98	0.98	0.988	0.988	0.988	0.993	0.993	0.993	0.98	0.99	0.688	0.993	0.98	0.979	0.991	0.993	0.991	0.985	0.989	0.989	0.987	0.989	0.942	1.0	0.988	0.991	0.984	0.985	0.988	0.973	0.989	0.968	0.986	0.986	0.985	0.985	0.985	0.982	0.638	0.531	0.736	0.171	0.123	0.112	0.207
rs5998509	1.0	0.981	1.0	1.0	0.99	0.998	0.996	0.981	0.998	0.998	0.98	0.98	0.996	0.981	0.998	0.996	0.976	0.996	0.996	0.982	0.975	0.985	0.99	0.99	0.99	0.968	0.968	0.989	0.975	0.975	0.991	0.991	0.991	0.968	0.992	0.845	0.991	0.968	0.983	0.989	0.991	0.989	0.977	0.987	0.987	0.984	0.987	0.928	1.0	0.985	0.989	0.976	0.981	0.985	0.978	0.987	0.96	0.983	0.983	0.983	0.983	0.987	0.974	0.66	0.655	0.696	0.167	0.121	0.107	0.198
rs138665726	1.0	0.973	0.999	0.99	1.0	0.997	0.997	0.985	0.997	0.997	0.98	0.98	0.997	0.985	0.997	0.997	0.998	0.997	0.997	0.98	0.991	0.988	0.994	0.994	0.994	0.979	0.979	0.993	0.973	0.973	0.994	0.994	0.994	0.979	0.994	0.84	0.994	0.979	0.985	0.99	0.992	0.989	0.973	0.989	0.989	0.987	0.989	0.94	1.0	0.989	0.992	0.974	0.984	0.988	0.98	0.989	1.0	0.986	0.986	0.986	0.986	0.991	0.972	0.691	0.686	0.728	0.185	0.13	0.115	0.222
rs140488	1.0	0.986	0.998	0.998	0.997	1.0	0.999	0.999	0.999	1.0	0.999	0.999	0.998	0.999	0.998	0.998	0.999	0.998	0.998	0.999	0.997	0.99	0.994	0.992	0.993	0.995	0.995	0.993	0.996	0.996	0.993	0.993	0.993	0.995	0.994	0.974	0.992	0.995	0.993	0.992	0.991	0.991	0.994	0.989	0.989	0.99	0.989	0.879	1.0	0.989	0.988	0.992	0.973	0.984	0.987	0.988	0.696	0.974	0.983	0.983	0.983	0.984	0.991	0.64	0.532	0.74	0.141	0.112	0.107	0.17
rs131664	1.0	0.984	0.997	0.996	0.997	0.999	1.0	1.0	0.999	1.0	1.0	1.0	0.996	1.0	0.996	0.996	1.0	0.996	0.996	1.0	0.999	0.992	0.995	0.99	0.994	0.996	0.996	0.994	0.997	0.997	0.994	0.994	0.994	0.996	0.995	0.974	0.99	0.996	0.994	0.989	0.991	0.987	0.994	0.986	0.986	0.991	0.986	0.878	1.0	0.99	0.985	0.994	0.979	0.985	0.988	0.983	0.847	0.98	0.98	0.98	0.98	0.985	0.992	0.642	0.534	0.742	0.145	0.11	0.104	0.174
rs59391722	1.0	0.973	0.989	0.981	0.985	0.999	1.0	1.0	1.0	1.0	1.0	1.0	0.999	0.999	0.999	0.999	0.999	0.999	0.999	1.0	0.993	0.991	0.996	0.996	0.996	0.982	0.982	0.995	0.993	0.993	0.996	0.996	0.996	0.982	0.996	0.841	0.996	0.982	0.987	0.992	0.995	0.991	0.993	0.991	0.991	0.99	0.991	0.97	1.0	0.991	0.995	0.994	0.987	0.991	0.983	0.991	1.0	0.989	0.989	0.989	0.989	0.994	0.993	0.701	0.685	0.744	0.191	0.133	0.12	0.227
rs131665	1.0	0.986	0.998	0.998	0.997	0.999	0.999	1.0	1.0	1.0	1.0	1.0	0.998	1.0	0.998	0.998	1.0	0.998	0.998	1.0	0.999	0.992	0.994	0.992	0.993	0.996	0.996	0.994	0.997	0.997	0.993	0.993	0.993	0.996	0.995	0.948	0.992	0.996	0.994	0.992	0.991	0.991	0.995	0.989	0.989	0.99	0.989	0.879	1.0	0.989	0.988	0.994	0.973	0.984	0.988	0.988	0.696	0.974	0.983	0.983	0.983	0.985	0.992	0.641	0.533	0.741	0.141	0.112	0.107	0.17
rs140491	1.0	0.986	0.998	0.998	0.997	1.0	1.0	1.0	1.0	1.0	1.0	1.0	0.999	1.0	0.999	0.999	1.0	0.999	0.999	1.0	0.999	0.992	0.995	0.993	0.994	0.996	0.996	0.994	0.997	0.997	0.994	0.994	0.994	0.996	0.995	0.974	0.993	0.996	0.994	0.993	0.992	0.991	0.995	0.99	0.99	0.991	0.99	0.879	1.0	0.99	0.989	0.994	0.973	0.984	0.988	0.989	0.696	0.974	0.984	0.984	0.984	0.985	0.992	0.641	0.533	0.741	0.141	0.111	0.106	0.169
rs11089620	1.0	0.967	0.989	0.98	0.98	0.999	1.0	1.0	1.0	1.0	1.0	1.0	0.999	0.999	0.999	0.999	0.999	0.999	0.999	1.0	0.999	0.997	0.996	0.996	0.996	0.987	0.987	0.995	0.993	0.993	0.996	0.996	0.996	0.987	0.996	0.84	0.996	0.987	0.987	0.992	0.995	0.991	0.993	0.991	0.991	0.99	0.991	0.97	1.0	0.991	0.995	0.994	0.987	0.991	0.983	0.991	1.0	0.988	0.989	0.989	0.989	0.994	0.987	0.703	0.687	0.746	0.188	0.129	0.118	0.226
rs2266959	1.0	0.967	0.989	0.98	0.98	0.999	1.0	1.0	1.0	1.0	1.0	1.0	0.999	0.999	0.999	0.999	0.999	0.999	0.999	1.0	0.999	0.997	0.996	0.996	0.996	0.987	0.987	0.995	0.993	0.993	0.996	0.996	0.996	0.987	0.996	0.84	0.996	0.987	0.987	0.992	0.995	0.991	0.993	0.991	0.991	0.99	0.991	0.97	1.0	0.991	0.995	0.994	0.987	0.991	0.983	0.991	1.0	0.988	0.989	0.989	0.989	0.994	0.987	0.703	0.687	0.746	0.188	0.129	0.118	0.226
rs140495	1.0	0.983	0.997	0.996	0.997	0.998	0.996	0.999	0.998	0.999	0.999	0.999	1.0	1.0	1.0	1.0	1.0	1.0	1.0	1.0	0.999	0.993	0.996	0.994	0.995	0.996	0.996	0.995	0.997	0.997	0.995	0.995	0.995	0.996	0.996	0.974	0.994	0.996	0.995	0.992	0.993	0.992	0.994	0.989	0.989	0.992	0.989	0.878	1.0	0.991	0.99	0.994	0.982	0.988	0.989	0.988	0.939	0.983	0.985	0.985	0.985	0.986	0.992	0.642	0.533	0.74	0.143	0.112	0.105	0.172
rs2256609	1.0	0.972	0.989	0.981	0.985	0.999	1.0	0.999	1.0	1.0	0.999	0.999	1.0	1.0	1.0	1.0	0.999	1.0	1.0	1.0	0.993	0.992	0.997	0.996	0.996	0.982	0.982	0.995	0.993	0.993	0.996	0.996	0.996	0.982	0.996	0.841	0.996	0.982	0.987	0.994	0.996	0.991	0.993	0.991	0.991	0.99	0.991	0.97	1.0	0.991	0.995	0.994	0.987	0.991	0.983	0.991	1.0	0.989	0.989	0.989	0.989	0.994	0.993	0.701	0.684	0.742	0.191	0.133	0.12	0.227
rs140498	1.0	0.984	0.998	0.998	0.997	0.998	0.996	0.999	0.998	0.999	0.999	0.999	1.0	1.0	1.0	1.0	1.0	1.0	1.0	1.0	0.999	0.993	0.996	0.994	0.995	0.996	0.996	0.995	0.997	0.997	0.995	0.995	0.995	0.996	0.996	0.974	0.994	0.996	0.995	0.994	0.993	0.992	0.995	0.991	0.991	0.992	0.991	0.879	1.0	0.991	0.99	0.994	0.977	0.988	0.989	0.99	0.787	0.978	0.985	0.985	0.985	0.986	0.992	0.641	0.533	0.74	0.141	0.112	0.105	0.17
rs140499	1.0	0.983	0.997	0.996	0.997	0.998	0.996	0.999	0.998	0.999	0.999	0.999	1.0	1.0	1.0	1.0	1.0	1.0	1.0	1.0	0.999	0.993	0.996	0.994	0.995	0.996	0.996	0.995	0.997	0.997	0.995	0.995	0.995	0.996	0.996	0.974	0.994	0.996	0.995	0.992	0.993	0.992	0.994	0.989	0.989	0.992	0.989	0.878	1.0	0.991	0.99	0.994	0.982	0.988	0.989	0.988	0.939	0.983	0.985	0.985	0.985	0.986	0.992	0.642	0.533	0.74	0.143	0.112	0.105	0.172
rs2266961	1.0	0.985	0.984	0.976	0.998	0.999	1.0	0.999	1.0	1.0	0.999	0.999	1.0	0.999	1.0	1.0	1.0	1.0	1.0	1.0	0.999	0.991	0.996	0.996	0.996	0.992	0.992	0.995	0.993	0.993	0.996	0.996	0.996	0.992	0.996	0.843	0.996	0.992	0.988	0.993	0.995	0.991	0.993	0.991	0.991	0.99	0.991	0.868	1.0	0.991	0.995	0.994	0.987	0.991	0.983	0.991	1.0	0.989	0.989	0.989	0.989	0.994	0.993	0.693	0.688	0.728	0.181	0.132	0.119	0.216
rs181359	1.0	0.983	0.997	0.996	0.997	0.998	0.996	0.999	0.998	0.999	0.999	0.999	1.0	1.0	1.0	1.0	1.0	1.0	1.0	1.0	0.999	0.993	0.996	0.994	0.995	0.996	0.996	0.995	0.997	0.997	0.995	0.995	0.995	0.996	0.996	0.974	0.994	0.996	0.995	0.992	0.993	0.992	0.994	0.989	0.989	0.992	0.989	0.878	1.0	0.991	0.99	0.994	0.982	0.988	0.989	0.988	0.939	0.983	0.985	0.985	0.985	0.986	0.992	0.642	0.533	0.74	0.143	0.112	0.105	0.172
rs181360	1.0	0.983	0.997	0.996	0.997	0.998	0.996	0.999	0.998	0.999	0.999	0.999	1.0	1.0	1.0	1.0	1.0	1.0	1.0	1.0	0.999	0.993	0.996	0.994	0.995	0.996	0.996	0.995	0.997	0.997	0.995	0.995	0.995	0.996	0.996	0.974	0.994	0.996	0.995	0.992	0.993	0.992	0.994	0.989	0.989	0.992	0.989	0.878	1.0	0.991	0.99	0.994	0.982	0.988	0.989	0.988	0.939	0.983	0.985	0.985	0.985	0.986	0.992	0.642	0.533	0.74	0.143	0.112	0.105	0.172
rs73166619	1.0	0.966	0.99	0.982	0.98	0.999	1.0	1.0	1.0	1.0	1.0	1.0	1.0	1.0	1.0	1.0	1.0	1.0	1.0	1.0	1.0	0.998	0.997	0.997	0.997	0.989	0.989	0.996	0.993	0.993	0.997	0.997	0.997	0.989	0.998	0.84	0.997	0.989	0.988	0.994	0.996	0.992	0.993	0.992	0.992	0.991	0.992	0.97	1.0	0.992	0.996	0.994	0.988	0.992	0.984	0.992	1.0	0.99	0.99	0.99	0.99	0.995	0.987	0.704	0.687	0.746	0.188	0.128	0.117	0.226
rs5754166	1.0	0.978	0.983	0.975	0.991	0.997	0.999	0.993	0.999	0.999	0.999	0.999	0.999	0.993	0.999	0.999	0.999	0.999	0.999	1.0	1.0	0.998	0.998	0.998	0.998	0.993	0.993	0.996	0.993	0.993	0.998	0.998	0.998	0.993	0.998	0.842	0.998	0.993	0.989	0.994	0.996	0.993	0.993	0.993	0.993	0.991	0.993	0.882	1.0	0.993	0.996	0.994	0.989	0.992	0.984	0.993	1.0	0.99	0.99	0.99	0.99	0.995	0.987	0.695	0.69	0.73	0.179	0.127	0.115	0.215
rs5754177	1.0	0.975	0.971	0.985	0.988	0.99	0.992	0.991	0.992	0.992	0.997	0.997	0.993	0.992	0.993	0.993	0.991	0.993	0.993	0.998	0.998	1.0	0.998	0.99	0.99	0.993	0.993	0.989	0.993	0.993	0.989	0.989	0.989	0.993	0.989	0.848	0.989	0.993	0.987	0.992	0.994	0.984	0.993	0.988	0.988	0.982	0.988	0.886	1.0	0.983	0.987	0.994	0.979	0.987	0.986	0.983	0.883	0.98	0.981	0.981	0.981	0.985	0.987	0.659	0.653	0.705	0.158	0.12	0.107	0.19
rs181366	1.0	0.979	0.992	0.99	0.994	0.994	0.995	0.996	0.994	0.995	0.996	0.996	0.996	0.997	0.996	0.996	0.996	0.996	0.996	0.997	0.998	0.998	1.0	0.994	0.998	0.997	0.997	0.998	0.997	0.997	0.996	0.996	0.996	0.997	0.997	0.974	0.992	0.997	0.996	0.994	0.996	0.989	0.994	0.991	0.991	0.993	0.991	0.9	1.0	0.991	0.991	0.994	0.985	0.99	0.99	0.988	0.908	0.986	0.986	0.985	0.985	0.987	0.992	0.642	0.533	0.741	0.145	0.11	0.1	0.174
rs5998576	1.0	0.979	0.992	0.99	0.994	0.992	0.99	0.996	0.992	0.993	0.996	0.996	0.994	0.996	0.994	0.994	0.996	0.994	0.994	0.997	0.998	0.99	0.994	1.0	1.0	1.0	1.0	1.0	1.0	1.0	0.998	0.998	0.998	1.0	0.999	0.974	0.998	1.0	0.999	0.995	0.997	0.995	0.996	0.993	0.993	0.995	0.993	0.9	1.0	0.993	0.996	0.996	0.99	0.992	0.993	0.993	0.969	0.991	0.992	0.991	0.991	0.989	0.995	0.643	0.535	0.743	0.143	0.112	0.102	0.173
rs73166622	1.0	0.979	0.992	0.99	0.994	0.993	0.994	0.996	0.993	0.994	0.996	0.996	0.995	0.996	0.995	0.995	0.996	0.995	0.995	0.997	0.998	0.99	0.998	1.0	1.0	1.0	1.0	1.0	1.0	1.0	0.998	0.998	0.998	1.0	0.999	0.974	0.998	1.0	0.999	0.995	0.997	0.994	0.996	0.993	0.993	0.995	0.993	0.9	1.0	0.993	0.996	0.996	0.99	0.992	0.993	0.993	0.969	0.991	0.991	0.991	0.991	0.989	0.995	0.644	0.535	0.743	0.145	0.11	0.101	0.175
rs5749495	1.0	0.966	0.98	0.968	0.979	0.995	0.996	0.982	0.996	0.996	0.987	0.987	0.996	0.982	0.996	0.996	0.992	0.996	0.996	0.989	0.993	0.993	0.997	1.0	1.0	1.0	1.0	0.999	1.0	1.0	1.0	1.0	1.0	1.0	1.0	0.842	1.0	1.0	1.0	0.996	0.999	0.995	0.995	0.995	0.995	0.994	0.995	0.882	1.0	0.995	0.999	0.997	0.991	0.995	0.991	0.995	1.0	0.992	0.992	0.992	0.992	0.998	0.99	0.7	0.695	0.736	0.176	0.129	0.118	0.212
rs12484550	1.0	0.966	0.98	0.968	0.979	0.995	0.996	0.982	0.996	0.996	0.987	0.987	0.996	0.982	0.996	0.996	0.992	0.996	0.996	0.989	0.993	0.993	0.997	1.0	1.0	1.0	1.0	0.999	1.0	1.0	1.0	1.0	1.0	1.0	1.0	0.842	1.0	1.0	1.0	0.996	0.999	0.995	0.995	0.995	0.995	0.994	0.995	0.882	1.0	0.995	0.999	0.997	0.991	0.995	0.991	0.995	1.0	0.992	0.992	0.992	0.992	0.998	0.99	0.7	0.695	0.736	0.176	0.129	0.118	0.212
rs5998599	1.0	0.978	0.988	0.989	0.993	0.993	0.994	0.995	0.994	0.994	0.995	0.995	0.995	0.995	0.995	0.995	0.995	0.995	0.995	0.996	0.996	0.989	0.998	1.0	1.0	0.999	0.999	1.0	0.999	0.999	0.999	0.999	0.999	0.999	0.999	0.876	0.999	0.999	0.998	0.996	0.998	0.995	0.994	0.994	0.994	0.993	0.994	0.907	1.0	0.994	0.997	0.995	0.991	0.993	0.992	0.994	0.968	0.992	0.992	0.991	0.991	0.994	0.994	0.647	0.539	0.746	0.169	0.124	0.113	0.202
rs9621715	1.0	0.955	0.988	0.975	0.973	0.996	0.997	0.993	0.997	0.997	0.993	0.993	0.997	0.993	0.997	0.997	0.993	0.997	0.997	0.993	0.993	0.993	0.997	1.0	1.0	1.0	1.0	0.999	1.0	1.0	1.0	1.0	1.0	1.0	1.0	0.839	1.0	1.0	1.0	0.996	0.999	0.995	0.995	0.995	0.995	0.994	0.995	0.97	1.0	0.995	0.999	0.997	0.991	0.995	0.991	0.995	1.0	0.992	0.992	0.992	0.992	0.997	0.99	0.709	0.692	0.752	0.185	0.131	0.119	0.223
rs5754234	1.0	0.955	0.988	0.975	0.973	0.996	0.997	0.993	0.997	0.997	0.993	0.993	0.997	0.993	0.997	0.997	0.993	0.997	0.997	0.993	0.993	0.993	0.997	1.0	1.0	1.0	1.0	0.999	1.0	1.0	1.0	1.0	1.0	1.0	1.0	0.839	1.0	1.0	1.0	0.996	0.999	0.995	0.995	0.995	0.995	0.994	0.995	0.97	1.0	0.995	0.999	0.997	0.991	0.995	0.991	0.995	1.0	0.992	0.992	0.992	0.992	0.997	0.99	0.709	0.692	0.752	0.185	0.131	0.119	0.223
rs5754238	1.0	0.979	0.993	0.991	0.994	0.993	0.994	0.996	0.993	0.994	0.996	0.996	0.995	0.996	0.995	0.995	0.996	0.995	0.995	0.997	0.998	0.989	0.996	0.998	0.998	1.0	1.0	0.999	1.0	1.0	1.0	1.0	1.0	1.0	1.0	1.0	1.0	1.0	1.0	0.997	0.999	0.996	0.996	0.995	0.995	0.997	0.995	0.911	1.0	0.995	0.998	0.996	0.992	0.994	0.994	0.995	1.0	0.993	0.993	0.992	0.992	0.99	0.995	0.645	0.535	0.743	0.144	0.11	0.101	0.174
rs1034329	1.0	0.979	0.993	0.991	0.994	0.993	0.994	0.996	0.993	0.994	0.996	0.996	0.995	0.996	0.995	0.995	0.996	0.995	0.995	0.997	0.998	0.989	0.996	0.998	0.998	1.0	1.0	0.999	1.0	1.0	1.0	1.0	1.0	1.0	1.0	1.0	1.0	1.0	1.0	0.997	0.999	0.996	0.996	0.995	0.995	0.997	0.995	0.911	1.0	0.995	0.998	0.996	0.992	0.994	0.994	0.995	1.0	0.993	0.993	0.992	0.992	0.99	0.995	0.645	0.535	0.743	0.144	0.11	0.101	0.174
rs2283789	1.0	0.979	0.993	0.991	0.994	0.993	0.994	0.996	0.993	0.994	0.996	0.996	0.995	0.996	0.995	0.995	0.996	0.995	0.995	0.997	0.998	0.989	0.996	0.998	0.998	1.0	1.0	0.999	1.0	1.0	1.0	1.0	1.0	1.0	1.0	1.0	1.0	1.0	1.0	0.997	0.999	0.996	0.996	0.995	0.995	0.997	0.995	0.911	1.0	0.995	0.998	0.996	0.992	0.994	0.994	0.995	1.0	0.993	0.993	0.992	0.992	0.99	0.995	0.645	0.535	0.743	0.144	0.11	0.101	0.174
rs5749502	1.0	0.966	0.98	0.968	0.979	0.995	0.996	0.982	0.996	0.996	0.987	0.987	0.996	0.982	0.996	0.996	0.992	0.996	0.996	0.989	0.993	0.993	0.997	1.0	1.0	1.0	1.0	0.999	1.0	1.0	1.0	1.0	1.0	1.0	1.0	0.842	1.0	1.0	1.0	0.996	0.999	0.995	0.995	0.995	0.995	0.994	0.995	0.882	1.0	0.995	0.999	0.997	0.991	0.995	0.991	0.995	1.0	0.992	0.992	0.992	0.992	0.998	0.99	0.7	0.695	0.736	0.176	0.129	0.118	0.212
rs5998619	1.0	0.98	0.99	0.992	0.994	0.994	0.995	0.996	0.995	0.995	0.996	0.996	0.996	0.996	0.996	0.996	0.996	0.996	0.996	0.998	0.998	0.989	0.997	0.999	0.999	1.0	1.0	0.999	1.0	1.0	1.0	1.0	1.0	1.0	1.0	0.876	1.0	1.0	1.0	0.997	0.999	0.996	0.995	0.995	0.995	0.994	0.995	0.907	1.0	0.995	0.998	0.996	0.992	0.994	0.994	0.995	1.0	0.993	0.993	0.992	0.992	0.995	0.995	0.648	0.539	0.747	0.168	0.124	0.113	0.202
rs73166630	1.0	0.836	0.688	0.845	0.84	0.974	0.974	0.841	0.948	0.974	0.84	0.84	0.974	0.841	0.974	0.974	0.843	0.974	0.974	0.84	0.842	0.848	0.974	0.974	0.974	0.842	0.842	0.876	0.839	0.839	1.0	1.0	1.0	0.842	0.876	1.0	1.0	0.842	0.847	1.0	1.0	1.0	0.919	1.0	1.0	1.0	1.0	1.0	1.0	1.0	1.0	0.838	1.0	1.0	0.847	1.0	1.0	1.0	1.0	1.0	1.0	0.876	0.838	0.71	0.677	0.846	0.944	0.211	0.208	1.0
rs73166632	1.0	0.979	0.993	0.991	0.994	0.992	0.99	0.996	0.992	0.993	0.996	0.996	0.994	0.996	0.994	0.994	0.996	0.994	0.994	0.997	0.998	0.989	0.992	0.998	0.998	1.0	1.0	0.999	1.0	1.0	1.0	1.0	1.0	1.0	1.0	1.0	1.0	1.0	1.0	0.997	0.999	0.997	0.996	0.995	0.995	0.997	0.995	0.911	1.0	0.995	0.998	0.996	0.992	0.994	0.994	0.995	1.0	0.993	0.993	0.992	0.992	0.99	0.995	0.644	0.535	0.743	0.142	0.112	0.102	0.172
rs2266963	1.0	0.966	0.98	0.968	0.979	0.995	0.996	0.982	0.996	0.996	0.987	0.987	0.996	0.982	0.996	0.996	0.992	0.996	0.996	0.989	0.993	0.993	0.997	1.0	1.0	1.0	1.0	0.999	1.0	1.0	1.0	1.0	1.0	1.0	1.0	0.842	1.0	1.0	1.0	0.996	0.999	0.995	0.995	0.995	0.995	0.994	0.995	0.882	1.0	0.995	0.999	0.997	0.991	0.995	0.991	0.995	1.0	0.992	0.992	0.992	0.992	0.998	0.99	0.7	0.695	0.736	0.176	0.129	0.118	0.212
rs4821104	1.0	0.972	0.979	0.983	0.985	0.993	0.994	0.987	0.994	0.994	0.987	0.987	0.995	0.987	0.995	0.995	0.988	0.995	0.995	0.988	0.989	0.987	0.996	0.999	0.999	1.0	1.0	0.998	1.0	1.0	1.0	1.0	1.0	1.0	1.0	0.847	1.0	1.0	1.0	0.996	0.999	0.995	0.995	0.994	0.994	0.993	0.994	0.886	1.0	0.994	0.998	0.997	0.99	0.993	0.994	0.994	1.0	0.991	0.992	0.992	0.992	0.995	0.995	0.666	0.66	0.71	0.16	0.125	0.111	0.19
rs5754295	1.0	0.977	0.991	0.989	0.99	0.992	0.989	0.992	0.992	0.993	0.992	0.992	0.992	0.994	0.994	0.992	0.993	0.992	0.992	0.994	0.994	0.992	0.994	0.995	0.995	0.996	0.996	0.996	0.996	0.996	0.997	0.997	0.997	0.996	0.997	1.0	0.997	0.996	0.996	1.0	0.999	0.995	0.994	0.997	0.997	0.997	0.997	0.911	1.0	0.995	0.992	0.996	0.986	0.996	0.994	0.995	0.786	0.987	0.991	0.991	0.991	0.987	0.995	0.644	0.534	0.742	0.139	0.111	0.102	0.167
rs2283790	1.0	0.979	0.993	0.991	0.992	0.991	0.991	0.995	0.991	0.992	0.995	0.995	0.993	0.996	0.993	0.993	0.995	0.993	0.993	0.996	0.996	0.994	0.996	0.997	0.997	0.999	0.999	0.998	0.999	0.999	0.999	0.999	0.999	0.999	0.999	1.0	0.999	0.999	0.999	0.999	1.0	1.0	1.0	0.998	0.998	0.999	0.998	0.923	1.0	0.997	0.997	0.999	0.984	0.994	0.996	0.997	0.787	0.985	0.992	0.992	0.992	0.992	0.997	0.643	0.534	0.742	0.139	0.111	0.103	0.167
rs4821108	1.0	0.977	0.991	0.989	0.989	0.991	0.987	0.991	0.991	0.991	0.991	0.991	0.992	0.991	0.992	0.992	0.991	0.992	0.992	0.992	0.993	0.984	0.989	0.995	0.994	0.995	0.995	0.995	0.995	0.995	0.996	0.996	0.996	0.995	0.996	1.0	0.997	0.995	0.995	0.995	1.0	1.0	0.997	0.996	0.996	0.996	0.996	0.922	1.0	0.994	0.998	0.995	0.992	0.995	0.993	0.996	0.969	0.993	0.993	0.992	0.992	0.989	0.994	0.644	0.535	0.742	0.142	0.111	0.103	0.17
rs5754344	1.0	0.954	0.985	0.977	0.973	0.994	0.994	0.993	0.995	0.995	0.993	0.993	0.994	0.993	0.995	0.994	0.993	0.994	0.994	0.993	0.993	0.993	0.994	0.996	0.996	0.995	0.995	0.994	0.995	0.995	0.996	0.996	0.996	0.995	0.995	0.919	0.996	0.995	0.995	0.994	1.0	0.997	1.0	0.996	0.996	0.994	0.996	0.985	1.0	0.995	0.999	0.997	0.991	0.996	0.994	0.996	0.959	0.992	0.992	0.992	0.992	0.996	0.99	0.711	0.693	0.752	0.184	0.127	0.117	0.221
rs4821112	1.0	0.975	0.989	0.987	0.989	0.989	0.986	0.991	0.989	0.99	0.991	0.991	0.989	0.991	0.991	0.989	0.991	0.989	0.989	0.992	0.993	0.988	0.991	0.993	0.993	0.995	0.995	0.994	0.995	0.995	0.995	0.995	0.995	0.995	0.995	1.0	0.995	0.995	0.994	0.997	0.998	0.996	0.996	1.0	1.0	1.0	1.0	0.923	1.0	0.998	0.995	0.999	0.988	0.999	0.998	0.998	0.756	0.989	0.993	0.993	0.993	0.99	0.997	0.644	0.534	0.742	0.137	0.109	0.102	0.166
rs5754352	1.0	0.975	0.989	0.987	0.989	0.989	0.986	0.991	0.989	0.99	0.991	0.991	0.989	0.991	0.991	0.989	0.991	0.989	0.989	0.992	0.993	0.988	0.991	0.993	0.993	0.995	0.995	0.994	0.995	0.995	0.995	0.995	0.995	0.995	0.995	1.0	0.995	0.995	0.994	0.997	0.998	0.996	0.996	1.0	1.0	1.0	1.0	0.923	1.0	0.998	0.995	0.999	0.988	0.999	0.998	0.998	0.756	0.989	0.993	0.993	0.993	0.99	0.997	0.644	0.534	0.742	0.137	0.109	0.102	0.166
rs12169001	1.0	0.973	0.987	0.984	0.987	0.99	0.991	0.99	0.99	0.991	0.99	0.99	0.992	0.99	0.992	0.992	0.99	0.992	0.992	0.991	0.991	0.982	0.993	0.995	0.995	0.994	0.994	0.993	0.994	0.994	0.997	0.997	0.997	0.994	0.994	1.0	0.997	0.994	0.993	0.997	0.999	0.996	0.994	1.0	1.0	1.0	1.0	0.922	1.0	1.0	1.0	0.997	0.997	0.999	0.996	1.0	1.0	0.998	0.998	0.997	0.997	0.989	0.996	0.645	0.535	0.744	0.144	0.11	0.102	0.173
rs738127	1.0	0.975	0.989	0.987	0.989	0.989	0.986	0.991	0.989	0.99	0.991	0.991	0.989	0.991	0.991	0.989	0.991	0.989	0.989	0.992	0.993	0.988	0.991	0.993	0.993	0.995	0.995	0.994	0.995	0.995	0.995	0.995	0.995	0.995	0.995	1.0	0.995	0.995	0.994	0.997	0.998	0.996	0.996	1.0	1.0	1.0	1.0	0.923	1.0	0.998	0.995	0.999	0.988	0.999	0.998	0.998	0.756	0.989	0.993	0.993	0.993	0.99	0.997	0.644	0.534	0.742	0.137	0.109	0.102	0.166
rs8137950	1.0	0.939	0.942	0.928	0.94	0.879	0.878	0.97	0.879	0.879	0.97	0.97	0.878	0.97	0.879	0.878	0.868	0.878	0.878	0.97	0.882	0.886	0.9	0.9	0.9	0.882	0.882	0.907	0.97	0.97	0.911	0.911	0.911	0.882	0.907	1.0	0.911	0.882	0.886	0.911	0.923	0.922	0.985	0.923	0.923	0.922	0.923	1.0	1.0	0.922	0.922	0.985	0.926	0.914	0.9	0.922	0.841	0.398	0.922	0.922	0.922	0.919	0.985	0.186	0.227	0.971	0.917	0.213	0.172	0.936
rs4821114	1.0	1.0	1.0	1.0	1.0	1.0	1.0	1.0	1.0	1.0	1.0	1.0	1.0	1.0	1.0	1.0	1.0	1.0	1.0	1.0	1.0	1.0	1.0	1.0	1.0	1.0	1.0	1.0	1.0	1.0	1.0	1.0	1.0	1.0	1.0	1.0	1.0	1.0	1.0	1.0	1.0	1.0	1.0	1.0	1.0	1.0	1.0	1.0	1.0	1.0	1.0	1.0	1.0	1.0	1.0	1.0	1.0	1.0	1.0	1.0	1.0	1.0	1.0	1.0	1.0	1.0	0.234	0.056	0.053	0.321
rs8139079	1.0	0.974	0.988	0.985	0.989	0.989	0.99	0.991	0.989	0.99	0.991	0.991	0.991	0.991	0.991	0.991	0.991	0.991	0.991	0.992	0.993	0.983	0.991	0.993	0.993	0.995	0.995	0.994	0.995	0.995	0.995	0.995	0.995	0.995	0.995	1.0	0.995	0.995	0.994	0.995	0.997	0.994	0.995	0.998	0.998	1.0	0.998	0.922	1.0	1.0	1.0	1.0	0.997	0.999	0.999	1.0	1.0	0.998	0.998	0.997	0.997	0.992	0.999	0.646	0.536	0.745	0.144	0.11	0.102	0.174
rs2876971	1.0	0.978	0.991	0.989	0.992	0.988	0.985	0.995	0.988	0.989	0.995	0.995	0.99	0.995	0.99	0.99	0.995	0.99	0.99	0.996	0.996	0.987	0.991	0.996	0.996	0.999	0.999	0.997	0.999	0.999	0.998	0.998	0.998	0.999	0.998	1.0	0.998	0.999	0.998	0.992	0.997	0.998	0.999	0.995	0.995	1.0	0.995	0.922	1.0	1.0	1.0	1.0	0.994	0.996	0.999	0.998	1.0	0.995	0.995	0.995	0.995	0.995	0.999	0.645	0.536	0.744	0.143	0.112	0.104	0.172
rs4821116	1.0	0.949	0.984	0.976	0.974	0.992	0.994	0.994	0.994	0.994	0.994	0.994	0.994	0.994	0.994	0.994	0.994	0.994	0.994	0.994	0.994	0.994	0.994	0.996	0.996	0.997	0.997	0.995	0.997	0.997	0.996	0.996	0.996	0.997	0.996	0.838	0.996	0.997	0.997	0.996	0.999	0.995	0.997	0.999	0.999	0.997	0.999	0.985	1.0	1.0	1.0	1.0	0.996	1.0	1.0	1.0	1.0	0.997	0.997	0.997	0.997	0.999	0.992	0.715	0.698	0.757	0.185	0.128	0.118	0.222
rs5754387	1.0	0.97	0.985	0.981	0.984	0.973	0.979	0.987	0.973	0.973	0.987	0.987	0.982	0.987	0.977	0.982	0.987	0.982	0.982	0.988	0.989	0.979	0.985	0.99	0.99	0.991	0.991	0.991	0.991	0.991	0.992	0.992	0.992	0.991	0.992	1.0	0.992	0.991	0.99	0.986	0.984	0.992	0.991	0.988	0.988	0.997	0.988	0.926	1.0	0.997	0.994	0.996	1.0	0.954	0.995	0.995	1.0	0.947	0.992	0.992	0.992	0.989	0.996	0.65	0.538	0.753	0.153	0.123	0.117	0.175
rs7445	1.0	0.975	0.988	0.985	0.988	0.984	0.985	0.991	0.984	0.984	0.991	0.991	0.988	0.991	0.988	0.988	0.991	0.988	0.988	0.992	0.992	0.987	0.99	0.992	0.992	0.995	0.995	0.993	0.995	0.995	0.994	0.994	0.994	0.995	0.994	1.0	0.994	0.995	0.993	0.996	0.994	0.995	0.996	0.999	0.999	0.999	0.999	0.914	1.0	0.999	0.996	1.0	0.954	1.0	0.998	0.999	0.128	0.955	0.994	0.994	0.994	0.991	0.999	0.642	0.532	0.741	0.126	0.103	0.096	0.151
rs4821124	1.0	0.967	0.973	0.978	0.98	0.987	0.988	0.983	0.988	0.988	0.983	0.983	0.989	0.983	0.989	0.989	0.983	0.989	0.989	0.984	0.984	0.986	0.99	0.993	0.993	0.991	0.991	0.992	0.991	0.991	0.994	0.994	0.994	0.991	0.994	0.847	0.994	0.991	0.994	0.994	0.996	0.993	0.994	0.998	0.998	0.996	0.998	0.9	1.0	0.999	0.999	1.0	0.995	0.998	1.0	0.999	1.0	0.996	0.996	0.996	0.996	0.996	0.999	0.671	0.665	0.711	0.158	0.12	0.108	0.188
rs12158299	1.0	0.975	0.989	0.987	0.989	0.988	0.983	0.991	0.988	0.989	0.991	0.991	0.988	0.991	0.99	0.988	0.991	0.988	0.988	0.992	0.993	0.983	0.988	0.993	0.993	0.995	0.995	0.994	0.995	0.995	0.995	0.995	0.995	0.995	0.995	1.0	0.995	0.995	0.994	0.995	0.997	0.996	0.996	0.998	0.998	1.0	0.998	0.922	1.0	1.0	0.998	1.0	0.995	0.999	0.999	1.0	0.939	0.996	0.996	0.995	0.995	0.992	0.999	0.645	0.536	0.744	0.142	0.111	0.104	0.171
rs9619386	1.0	0.958	0.968	0.96	1.0	0.696	0.847	1.0	0.696	0.696	1.0	1.0	0.939	1.0	0.787	0.939	1.0	0.939	0.939	1.0	1.0	0.883	0.908	0.969	0.969	1.0	1.0	0.968	1.0	1.0	1.0	1.0	1.0	1.0	1.0	1.0	1.0	1.0	1.0	0.786	0.787	0.969	0.959	0.756	0.756	1.0	0.756	0.841	1.0	1.0	1.0	1.0	1.0	0.128	1.0	0.939	1.0	1.0	1.0	1.0	1.0	1.0	1.0	0.664	0.077	1.0	0.742	0.1	0.044	0.797
rs5754422	1.0	0.971	0.986	0.983	0.986	0.974	0.98	0.989	0.974	0.974	0.988	0.988	0.983	0.989	0.978	0.983	0.989	0.983	0.983	0.99	0.99	0.98	0.986	0.991	0.991	0.992	0.992	0.992	0.992	0.992	0.993	0.993	0.993	0.992	0.993	1.0	0.993	0.992	0.991	0.987	0.985	0.993	0.992	0.989	0.989	0.998	0.989	0.398	1.0	0.998	0.995	0.997	0.947	0.955	0.996	0.996	1.0	1.0	1.0	1.0	1.0	0.996	0.999	0.641	0.531	0.74	0.124	0.102	0.093	0.15
rs67163745	1.0	0.971	0.986	0.983	0.986	0.983	0.98	0.989	0.983	0.984	0.989	0.989	0.985	0.989	0.985	0.985	0.989	0.985	0.985	0.99	0.99	0.981	0.986	0.992	0.991	0.992	0.992	0.992	0.992	0.992	0.993	0.993	0.993	0.992	0.993	1.0	0.993	0.992	0.992	0.991	0.992	0.993	0.992	0.993	0.993	0.998	0.993	0.922	1.0	0.998	0.995	0.997	0.992	0.994	0.996	0.996	1.0	1.0	1.0	1.0	1.0	0.996	0.999	0.645	0.536	0.744	0.142	0.112	0.104	0.172
rs5754426	1.0	0.971	0.985	0.983	0.986	0.983	0.98	0.989	0.983	0.984	0.989	0.989	0.985	0.989	0.985	0.985	0.989	0.985	0.985	0.99	0.99	0.981	0.985	0.991	0.991	0.992	0.992	0.991	0.992	0.992	0.992	0.992	0.992	0.992	0.992	1.0	0.992	0.992	0.992	0.991	0.992	0.992	0.992	0.993	0.993	0.997	0.993	0.922	1.0	0.997	0.995	0.997	0.992	0.994	0.996	0.995	1.0	1.0	1.0	1.0	1.0	0.996	0.999	0.645	0.536	0.744	0.142	0.113	0.105	0.173
rs4821130	1.0	0.971	0.985	0.983	0.986	0.983	0.98	0.989	0.983	0.984	0.989	0.989	0.985	0.989	0.985	0.985	0.989	0.985	0.985	0.99	0.99	0.981	0.985	0.991	0.991	0.992	0.992	0.991	0.992	0.992	0.992	0.992	0.992	0.992	0.992	1.0	0.992	0.992	0.992	0.991	0.992	0.992	0.992	0.993	0.993	0.997	0.993	0.922	1.0	0.997	0.995	0.997	0.992	0.994	0.996	0.995	1.0	1.0	1.0	1.0	1.0	0.996	0.999	0.645	0.536	0.744	0.142	0.113	0.105	0.173
rs1811069	1.0	0.977	0.985	0.987	0.991	0.984	0.985	0.994	0.985	0.985	0.994	0.994	0.986	0.994	0.986	0.986	0.994	0.986	0.986	0.995	0.995	0.985	0.987	0.989	0.989	0.998	0.998	0.994	0.997	0.997	0.99	0.99	0.99	0.998	0.995	0.876	0.99	0.998	0.995	0.987	0.992	0.989	0.996	0.99	0.99	0.989	0.99	0.919	1.0	0.992	0.995	0.999	0.989	0.991	0.996	0.992	1.0	0.996	0.996	0.996	0.996	1.0	1.0	0.65	0.54	0.749	0.168	0.126	0.116	0.204
rs2298428	1.0	0.947	0.982	0.974	0.972	0.991	0.992	0.993	0.992	0.992	0.987	0.987	0.992	0.993	0.992	0.992	0.993	0.992	0.992	0.987	0.987	0.987	0.992	0.995	0.995	0.99	0.99	0.994	0.99	0.99	0.995	0.995	0.995	0.99	0.995	0.838	0.995	0.99	0.995	0.995	0.997	0.994	0.99	0.997	0.997	0.996	0.997	0.985	1.0	0.999	0.999	0.992	0.996	0.999	0.999	0.999	1.0	0.999	0.999	0.999	0.999	1.0	1.0	0.72	0.703	0.763	0.186	0.133	0.121	0.224
rs11306247	1.0	0.67	0.638	0.66	0.691	0.64	0.642	0.701	0.641	0.641	0.703	0.703	0.642	0.701	0.641	0.642	0.693	0.642	0.642	0.704	0.695	0.659	0.642	0.643	0.644	0.7	0.7	0.647	0.709	0.709	0.645	0.645	0.645	0.7	0.648	0.71	0.644	0.7	0.666	0.644	0.643	0.644	0.711	0.644	0.644	0.645	0.644	0.186	1.0	0.646	0.645	0.715	0.65	0.642	0.671	0.645	0.664	0.641	0.645	0.645	0.645	0.65	0.72	1.0	0.992	0.911	0.099	0.064	0.056	0.124
rs12484001	1.0	0.664	0.531	0.655	0.686	0.532	0.534	0.685	0.533	0.533	0.687	0.687	0.533	0.684	0.533	0.533	0.688	0.533	0.533	0.687	0.69	0.653	0.533	0.535	0.535	0.695	0.695	0.539	0.692	0.692	0.535	0.535	0.535	0.695	0.539	0.677	0.535	0.695	0.66	0.534	0.534	0.535	0.693	0.534	0.534	0.535	0.534	0.227	1.0	0.536	0.536	0.698	0.538	0.532	0.665	0.536	0.077	0.531	0.536	0.536	0.536	0.54	0.703	0.992	1.0	0.914	0.045	0.052	0.046	0.054
rs5754508	1.0	0.709	0.736	0.696	0.728	0.74	0.742	0.744	0.741	0.741	0.746	0.746	0.74	0.742	0.74	0.74	0.728	0.74	0.74	0.746	0.73	0.705	0.741	0.743	0.743	0.736	0.736	0.746	0.752	0.752	0.743	0.743	0.743	0.736	0.747	0.846	0.743	0.736	0.71	0.742	0.742	0.742	0.752	0.742	0.742	0.744	0.742	0.971	1.0	0.745	0.744	0.757	0.753	0.741	0.711	0.744	1.0	0.74	0.744	0.744	0.744	0.749	0.763	0.911	0.914	1.0	0.183	0.125	0.107	0.217
rs5750131	0.01	0.178	0.171	0.167	0.185	0.141	0.145	0.191	0.141	0.141	0.188	0.188	0.143	0.191	0.141	0.143	0.181	0.143	0.143	0.188	0.179	0.158	0.145	0.143	0.145	0.176	0.176	0.169	0.185	0.185	0.144	0.144	0.144	0.176	0.168	0.944	0.142	0.176	0.16	0.139	0.139	0.142	0.184	0.137	0.137	0.144	0.137	0.917	0.234	0.144	0.143	0.185	0.153	0.126	0.158	0.142	0.742	0.124	0.142	0.142	0.142	0.168	0.186	0.099	0.045	0.183	1.0	0.983	0.903	0.745
rs5755799	0.291	0.114	0.123	0.121	0.13	0.112	0.11	0.133	0.112	0.111	0.129	0.129	0.112	0.133	0.112	0.112	0.132	0.112	0.112	0.128	0.127	0.12	0.11	0.112	0.11	0.129	0.129	0.124	0.131	0.131	0.11	0.11	0.11	0.129	0.124	0.211	0.112	0.129	0.125	0.111	0.111	0.111	0.127	0.109	0.109	0.11	0.109	0.213	0.056	0.11	0.112	0.128	0.123	0.103	0.12	0.111	0.1	0.102	0.112	0.113	0.113	0.126	0.133	0.064	0.052	0.125	0.983	1.0	0.924	0.691
rs13056225	0.294	0.098	0.112	0.107	0.115	0.107	0.104	0.12	0.107	0.106	0.118	0.118	0.105	0.12	0.105	0.105	0.119	0.105	0.105	0.117	0.115	0.107	0.1	0.102	0.101	0.118	0.118	0.113	0.119	0.119	0.101	0.101	0.101	0.118	0.113	0.208	0.102	0.118	0.111	0.102	0.103	0.103	0.117	0.102	0.102	0.102	0.102	0.172	0.053	0.102	0.104	0.118	0.117	0.096	0.108	0.104	0.044	0.093	0.104	0.105	0.105	0.116	0.121	0.056	0.046	0.107	0.903	0.924	1.0	0.724
rs9610329	0.472	0.218	0.207	0.198	0.222	0.17	0.174	0.227	0.17	0.169	0.226	0.226	0.172	0.227	0.17	0.172	0.216	0.172	0.172	0.226	0.215	0.19	0.174	0.173	0.175	0.212	0.212	0.202	0.223	0.223	0.174	0.174	0.174	0.212	0.202	1.0	0.172	0.212	0.19	0.167	0.167	0.17	0.221	0.166	0.166	0.173	0.166	0.936	0.321	0.174	0.172	0.222	0.175	0.151	0.188	0.171	0.797	0.15	0.172	0.173	0.173	0.204	0.224	0.124	0.054	0.217	0.745	0.691	0.724	1.0
