RS_number	rs139920129	rs5754100	rs131656	rs5998509	rs138665726	rs140488	rs131664	rs59391722	rs131665	rs140491	rs11089620	rs2266959	rs140495	rs2256609	rs140498	rs140499	rs2266961	rs181359	rs181360	rs73166619	rs5754166	rs5754177	rs181366	rs5998576	rs73166622	rs5749495	rs12484550	rs5998599	rs9621715	rs5754234	rs5754238	rs1034329	rs2283789	rs5749502	rs5998619	rs73166630	rs73166632	rs2266963	rs4821104	rs5754295	rs2283790	rs4821108	rs5754344	rs4821112	rs5754352	rs12169001	rs738127	rs8137950	rs4821114	rs8139079	rs2876971	rs4821116	rs5754387	rs7445	rs4821124	rs12158299	rs9619386	rs5754422	rs67163745	rs5754426	rs4821130	rs1811069	rs2298428	rs11306247	rs12484001	rs5754508	rs5750131	rs5755799	rs13056225	rs9610329
rs139920129	1.0	0.0	0.0	0.0	0.0	0.0	0.0	0.0	0.0	0.0	0.0	0.0	0.0	0.0	0.0	0.0	0.0	0.0	0.0	0.0	0.0	0.0	0.0	0.0	0.0	0.0	0.0	0.0	0.0	0.0	0.0	0.0	0.0	0.0	0.0	0.0	0.0	0.0	0.0	0.0	0.0	0.0	0.0	0.0	0.0	0.0	0.0	0.0	0.0	0.0	0.0	0.0	0.0	0.0	0.0	0.0	0.0	0.0	0.0	0.0	0.0	0.0	0.0	0.0	0.0	0.0	0.0	0.0	0.0	0.0
rs5754100	0.0	1.0	0.677	0.894	0.919	0.624	0.628	0.913	0.624	0.624	0.907	0.907	0.625	0.911	0.624	0.625	0.918	0.625	0.625	0.906	0.91	0.864	0.624	0.623	0.626	0.893	0.893	0.659	0.889	0.889	0.626	0.626	0.626	0.893	0.66	0.002	0.623	0.893	0.863	0.616	0.617	0.621	0.89	0.614	0.614	0.62	0.614	0.016	0.0	0.62	0.62	0.884	0.567	0.592	0.858	0.617	0.006	0.584	0.612	0.612	0.612	0.654	0.881	0.383	0.322	0.464	0.019	0.003	0.002	0.023
rs131656	0.0	0.677	1.0	0.747	0.713	0.922	0.928	0.704	0.922	0.921	0.7	0.7	0.926	0.704	0.924	0.926	0.71	0.926	0.926	0.701	0.704	0.72	0.922	0.922	0.926	0.698	0.698	0.969	0.694	0.694	0.928	0.928	0.928	0.698	0.972	0.002	0.923	0.698	0.728	0.914	0.914	0.921	0.688	0.909	0.909	0.919	0.909	0.023	0.0	0.919	0.917	0.684	0.842	0.876	0.716	0.914	0.008	0.867	0.908	0.907	0.907	0.958	0.682	0.331	0.269	0.407	0.025	0.006	0.005	0.03
rs5998509	0.0	0.894	0.747	1.0	0.937	0.688	0.693	0.927	0.688	0.688	0.921	0.921	0.691	0.927	0.69	0.691	0.935	0.691	0.691	0.922	0.928	0.95	0.687	0.686	0.689	0.91	0.91	0.726	0.905	0.905	0.691	0.691	0.691	0.91	0.728	0.002	0.688	0.91	0.951	0.68	0.681	0.685	0.906	0.676	0.676	0.683	0.676	0.017	0.0	0.682	0.682	0.901	0.625	0.651	0.944	0.68	0.006	0.643	0.674	0.675	0.675	0.718	0.897	0.4	0.336	0.482	0.018	0.004	0.003	0.021
rs138665726	0.0	0.919	0.713	0.937	1.0	0.659	0.664	0.964	0.659	0.658	0.958	0.958	0.663	0.964	0.66	0.663	0.971	0.663	0.663	0.959	0.963	0.915	0.662	0.661	0.664	0.945	0.945	0.699	0.942	0.942	0.664	0.664	0.664	0.945	0.7	0.002	0.661	0.945	0.913	0.652	0.653	0.655	0.938	0.649	0.649	0.658	0.649	0.016	0.0	0.658	0.658	0.937	0.602	0.627	0.909	0.653	0.006	0.62	0.649	0.65	0.65	0.693	0.934	0.42	0.353	0.505	0.021	0.004	0.003	0.025
rs140488	0.0	0.624	0.922	0.688	0.659	1.0	0.99	0.665	0.998	0.999	0.661	0.661	0.99	0.665	0.994	0.99	0.677	0.99	0.99	0.66	0.672	0.694	0.977	0.974	0.971	0.665	0.665	0.92	0.654	0.654	0.971	0.971	0.971	0.665	0.923	0.024	0.974	0.665	0.693	0.98	0.98	0.969	0.648	0.974	0.974	0.963	0.974	0.021	0.0	0.962	0.967	0.645	0.888	0.939	0.682	0.966	0.005	0.915	0.958	0.957	0.957	0.909	0.642	0.308	0.25	0.381	0.018	0.005	0.005	0.022
rs131664	0.0	0.628	0.928	0.693	0.664	0.99	1.0	0.672	0.99	0.991	0.668	0.668	0.991	0.672	0.986	0.991	0.685	0.991	0.991	0.668	0.679	0.701	0.987	0.977	0.981	0.673	0.673	0.93	0.661	0.661	0.981	0.981	0.981	0.673	0.933	0.024	0.977	0.673	0.701	0.974	0.974	0.97	0.654	0.967	0.967	0.973	0.967	0.021	0.0	0.972	0.97	0.652	0.891	0.932	0.689	0.965	0.007	0.917	0.961	0.96	0.96	0.919	0.649	0.313	0.253	0.386	0.019	0.005	0.004	0.023
rs59391722	0.0	0.913	0.704	0.927	0.964	0.665	0.672	1.0	0.667	0.666	0.994	0.994	0.669	0.998	0.666	0.669	0.98	0.669	0.669	0.993	0.974	0.925	0.67	0.669	0.672	0.956	0.956	0.707	0.975	0.975	0.672	0.672	0.672	0.956	0.709	0.002	0.669	0.956	0.924	0.66	0.66	0.663	0.972	0.657	0.657	0.666	0.657	0.017	0.0	0.665	0.665	0.971	0.609	0.635	0.92	0.661	0.006	0.628	0.657	0.658	0.658	0.702	0.967	0.435	0.355	0.53	0.022	0.005	0.004	0.026
rs131665	0.0	0.624	0.922	0.688	0.659	0.998	0.99	0.667	1.0	0.999	0.663	0.663	0.99	0.667	0.994	0.99	0.679	0.99	0.99	0.662	0.673	0.695	0.977	0.974	0.971	0.667	0.667	0.922	0.656	0.656	0.971	0.971	0.971	0.667	0.925	0.022	0.974	0.667	0.695	0.98	0.98	0.969	0.65	0.974	0.974	0.963	0.974	0.021	0.0	0.962	0.967	0.646	0.888	0.939	0.683	0.966	0.005	0.915	0.958	0.957	0.957	0.911	0.644	0.309	0.251	0.382	0.018	0.005	0.005	0.022
rs140491	0.0	0.624	0.921	0.688	0.658	0.999	0.991	0.666	0.999	1.0	0.662	0.662	0.991	0.666	0.995	0.991	0.678	0.991	0.991	0.661	0.673	0.695	0.978	0.975	0.972	0.666	0.666	0.921	0.655	0.655	0.972	0.972	0.972	0.666	0.924	0.024	0.975	0.666	0.694	0.981	0.981	0.97	0.649	0.975	0.975	0.964	0.975	0.021	0.0	0.963	0.968	0.646	0.889	0.94	0.683	0.967	0.005	0.916	0.959	0.958	0.958	0.91	0.643	0.309	0.251	0.381	0.018	0.005	0.004	0.022
rs11089620	0.0	0.907	0.7	0.921	0.958	0.661	0.668	0.994	0.663	0.662	1.0	1.0	0.666	0.992	0.662	0.666	0.974	0.666	0.666	0.999	0.98	0.931	0.666	0.665	0.668	0.962	0.962	0.703	0.981	0.981	0.668	0.668	0.668	0.962	0.705	0.002	0.665	0.962	0.919	0.656	0.657	0.659	0.977	0.654	0.654	0.662	0.654	0.017	0.0	0.662	0.662	0.976	0.606	0.631	0.914	0.657	0.006	0.624	0.653	0.654	0.654	0.698	0.962	0.436	0.355	0.53	0.022	0.004	0.004	0.026
rs2266959	0.0	0.907	0.7	0.921	0.958	0.661	0.668	0.994	0.663	0.662	1.0	1.0	0.666	0.992	0.662	0.666	0.974	0.666	0.666	0.999	0.98	0.931	0.666	0.665	0.668	0.962	0.962	0.703	0.981	0.981	0.668	0.668	0.668	0.962	0.705	0.002	0.665	0.962	0.919	0.656	0.657	0.659	0.977	0.654	0.654	0.662	0.654	0.017	0.0	0.662	0.662	0.976	0.606	0.631	0.914	0.657	0.006	0.624	0.653	0.654	0.654	0.698	0.962	0.436	0.355	0.53	0.022	0.004	0.004	0.026
rs140495	0.0	0.625	0.926	0.691	0.663	0.99	0.991	0.669	0.99	0.991	0.666	0.666	1.0	0.671	0.995	1.0	0.683	1.0	1.0	0.666	0.678	0.702	0.987	0.984	0.981	0.671	0.671	0.93	0.66	0.66	0.981	0.981	0.981	0.671	0.933	0.024	0.984	0.671	0.701	0.981	0.981	0.978	0.653	0.975	0.975	0.973	0.975	0.021	0.0	0.972	0.978	0.65	0.898	0.94	0.69	0.973	0.008	0.925	0.968	0.967	0.967	0.919	0.648	0.312	0.252	0.384	0.019	0.005	0.004	0.022
rs2256609	0.0	0.911	0.704	0.927	0.964	0.665	0.672	0.998	0.667	0.666	0.992	0.992	0.671	1.0	0.668	0.671	0.98	0.671	0.671	0.993	0.974	0.927	0.671	0.669	0.672	0.956	0.956	0.707	0.975	0.975	0.672	0.672	0.672	0.956	0.709	0.002	0.669	0.956	0.924	0.661	0.662	0.663	0.972	0.657	0.657	0.666	0.657	0.017	0.0	0.665	0.665	0.971	0.609	0.635	0.92	0.661	0.006	0.628	0.657	0.658	0.658	0.702	0.967	0.435	0.353	0.528	0.022	0.005	0.004	0.026
rs140498	0.0	0.624	0.924	0.69	0.66	0.994	0.986	0.666	0.994	0.995	0.662	0.662	0.995	0.668	1.0	0.995	0.68	0.995	0.995	0.663	0.675	0.698	0.982	0.979	0.977	0.668	0.668	0.926	0.657	0.657	0.977	0.977	0.977	0.668	0.928	0.024	0.979	0.668	0.698	0.986	0.986	0.975	0.651	0.979	0.979	0.968	0.979	0.021	0.0	0.967	0.973	0.647	0.894	0.944	0.686	0.972	0.006	0.92	0.964	0.963	0.963	0.914	0.645	0.31	0.251	0.381	0.018	0.005	0.004	0.022
rs140499	0.0	0.625	0.926	0.691	0.663	0.99	0.991	0.669	0.99	0.991	0.666	0.666	1.0	0.671	0.995	1.0	0.683	1.0	1.0	0.666	0.678	0.702	0.987	0.984	0.981	0.671	0.671	0.93	0.66	0.66	0.981	0.981	0.981	0.671	0.933	0.024	0.984	0.671	0.701	0.981	0.981	0.978	0.653	0.975	0.975	0.973	0.975	0.021	0.0	0.972	0.978	0.65	0.898	0.94	0.69	0.973	0.008	0.925	0.968	0.967	0.967	0.919	0.648	0.312	0.252	0.384	0.019	0.005	0.004	0.022
rs2266961	0.0	0.918	0.71	0.935	0.971	0.677	0.685	0.98	0.679	0.678	0.974	0.974	0.683	0.98	0.68	0.683	1.0	0.683	0.683	0.975	0.992	0.942	0.682	0.681	0.685	0.974	0.974	0.72	0.958	0.958	0.685	0.685	0.685	0.974	0.722	0.002	0.681	0.974	0.941	0.672	0.673	0.675	0.954	0.669	0.669	0.678	0.669	0.014	0.0	0.678	0.678	0.953	0.621	0.647	0.937	0.673	0.007	0.639	0.669	0.67	0.67	0.715	0.95	0.433	0.364	0.517	0.02	0.005	0.004	0.024
rs181359	0.0	0.625	0.926	0.691	0.663	0.99	0.991	0.669	0.99	0.991	0.666	0.666	1.0	0.671	0.995	1.0	0.683	1.0	1.0	0.666	0.678	0.702	0.987	0.984	0.981	0.671	0.671	0.93	0.66	0.66	0.981	0.981	0.981	0.671	0.933	0.024	0.984	0.671	0.701	0.981	0.981	0.978	0.653	0.975	0.975	0.973	0.975	0.021	0.0	0.972	0.978	0.65	0.898	0.94	0.69	0.973	0.008	0.925	0.968	0.967	0.967	0.919	0.648	0.312	0.252	0.384	0.019	0.005	0.004	0.022
rs181360	0.0	0.625	0.926	0.691	0.663	0.99	0.991	0.669	0.99	0.991	0.666	0.666	1.0	0.671	0.995	1.0	0.683	1.0	1.0	0.666	0.678	0.702	0.987	0.984	0.981	0.671	0.671	0.93	0.66	0.66	0.981	0.981	0.981	0.671	0.933	0.024	0.984	0.671	0.701	0.981	0.981	0.978	0.653	0.975	0.975	0.973	0.975	0.021	0.0	0.972	0.978	0.65	0.898	0.94	0.69	0.973	0.008	0.925	0.968	0.967	0.967	0.919	0.648	0.312	0.252	0.384	0.019	0.005	0.004	0.022
rs73166619	0.0	0.906	0.701	0.922	0.959	0.66	0.668	0.993	0.662	0.661	0.999	0.999	0.666	0.993	0.663	0.666	0.975	0.666	0.666	1.0	0.981	0.932	0.667	0.666	0.669	0.963	0.963	0.704	0.982	0.982	0.669	0.669	0.669	0.963	0.705	0.002	0.666	0.963	0.92	0.657	0.658	0.66	0.978	0.654	0.654	0.663	0.654	0.017	0.0	0.663	0.663	0.977	0.607	0.632	0.915	0.658	0.006	0.625	0.654	0.655	0.655	0.699	0.963	0.436	0.354	0.529	0.021	0.004	0.004	0.026
rs5754166	0.0	0.91	0.704	0.928	0.963	0.672	0.679	0.974	0.673	0.673	0.98	0.98	0.678	0.974	0.675	0.678	0.992	0.678	0.678	0.981	1.0	0.95	0.68	0.679	0.682	0.982	0.982	0.718	0.963	0.963	0.682	0.682	0.682	0.982	0.719	0.002	0.679	0.982	0.938	0.67	0.671	0.673	0.96	0.667	0.667	0.676	0.667	0.015	0.0	0.676	0.676	0.959	0.619	0.645	0.933	0.671	0.007	0.637	0.667	0.668	0.668	0.712	0.944	0.433	0.365	0.517	0.02	0.004	0.004	0.024
rs5754177	0.0	0.864	0.72	0.95	0.915	0.694	0.701	0.925	0.695	0.695	0.931	0.931	0.702	0.927	0.698	0.702	0.942	0.702	0.702	0.932	0.95	1.0	0.712	0.702	0.705	0.937	0.937	0.742	0.919	0.919	0.703	0.703	0.703	0.937	0.741	0.003	0.7	0.937	0.968	0.699	0.699	0.694	0.916	0.693	0.693	0.695	0.693	0.015	0.0	0.695	0.694	0.915	0.636	0.668	0.962	0.69	0.005	0.655	0.686	0.687	0.687	0.731	0.901	0.407	0.342	0.489	0.016	0.004	0.003	0.019
rs181366	0.0	0.624	0.922	0.687	0.662	0.977	0.987	0.67	0.977	0.978	0.666	0.666	0.987	0.671	0.982	0.987	0.682	0.987	0.987	0.667	0.68	0.712	1.0	0.988	0.992	0.677	0.677	0.941	0.664	0.664	0.989	0.989	0.989	0.677	0.94	0.024	0.984	0.677	0.707	0.981	0.981	0.978	0.656	0.975	0.975	0.98	0.975	0.022	0.0	0.979	0.978	0.654	0.898	0.94	0.695	0.973	0.008	0.925	0.968	0.967	0.967	0.926	0.652	0.314	0.254	0.386	0.019	0.005	0.004	0.023
rs5998576	0.0	0.623	0.922	0.686	0.661	0.974	0.977	0.669	0.974	0.975	0.665	0.665	0.984	0.669	0.979	0.984	0.681	0.984	0.984	0.666	0.679	0.702	0.988	1.0	0.995	0.68	0.68	0.944	0.667	0.667	0.992	0.992	0.992	0.68	0.943	0.024	0.996	0.68	0.71	0.984	0.984	0.99	0.659	0.979	0.979	0.983	0.979	0.022	0.0	0.982	0.99	0.657	0.91	0.944	0.698	0.985	0.009	0.936	0.98	0.979	0.979	0.929	0.654	0.315	0.255	0.388	0.019	0.005	0.004	0.022
rs73166622	0.0	0.626	0.926	0.689	0.664	0.971	0.981	0.672	0.971	0.972	0.668	0.668	0.981	0.672	0.977	0.981	0.685	0.981	0.981	0.669	0.682	0.705	0.992	0.995	1.0	0.683	0.683	0.948	0.67	0.67	0.996	0.996	0.996	0.683	0.947	0.024	0.992	0.683	0.713	0.979	0.979	0.985	0.662	0.975	0.975	0.988	0.975	0.022	0.0	0.987	0.985	0.66	0.905	0.94	0.701	0.98	0.009	0.932	0.976	0.975	0.975	0.933	0.658	0.317	0.256	0.391	0.019	0.005	0.004	0.023
rs5749495	0.0	0.893	0.698	0.91	0.945	0.665	0.673	0.956	0.667	0.666	0.962	0.962	0.671	0.956	0.668	0.671	0.974	0.671	0.671	0.963	0.982	0.937	0.677	0.68	0.683	1.0	1.0	0.718	0.981	0.981	0.683	0.683	0.683	1.0	0.72	0.002	0.68	1.0	0.955	0.67	0.671	0.673	0.969	0.668	0.668	0.676	0.668	0.015	0.0	0.676	0.676	0.967	0.619	0.645	0.942	0.671	0.007	0.637	0.667	0.668	0.668	0.713	0.953	0.437	0.368	0.523	0.019	0.004	0.004	0.023
rs12484550	0.0	0.893	0.698	0.91	0.945	0.665	0.673	0.956	0.667	0.666	0.962	0.962	0.671	0.956	0.668	0.671	0.974	0.671	0.671	0.963	0.982	0.937	0.677	0.68	0.683	1.0	1.0	0.718	0.981	0.981	0.683	0.683	0.683	1.0	0.72	0.002	0.68	1.0	0.955	0.67	0.671	0.673	0.969	0.668	0.668	0.676	0.668	0.015	0.0	0.676	0.676	0.967	0.619	0.645	0.942	0.671	0.007	0.637	0.667	0.668	0.668	0.713	0.953	0.437	0.368	0.523	0.019	0.004	0.004	0.023
rs5998599	0.0	0.659	0.969	0.726	0.699	0.92	0.93	0.707	0.922	0.921	0.703	0.703	0.93	0.707	0.926	0.93	0.72	0.93	0.93	0.704	0.718	0.742	0.941	0.944	0.948	0.718	0.718	1.0	0.705	0.705	0.946	0.946	0.946	0.718	0.997	0.004	0.942	0.718	0.75	0.93	0.93	0.935	0.695	0.925	0.925	0.938	0.925	0.021	0.0	0.937	0.935	0.695	0.859	0.892	0.738	0.931	0.008	0.885	0.926	0.925	0.925	0.983	0.692	0.338	0.275	0.415	0.024	0.006	0.005	0.029
rs9621715	0.0	0.889	0.694	0.905	0.942	0.654	0.661	0.975	0.656	0.655	0.981	0.981	0.66	0.975	0.657	0.66	0.958	0.66	0.66	0.982	0.963	0.919	0.664	0.667	0.67	0.981	0.981	0.705	1.0	1.0	0.67	0.67	0.67	0.981	0.706	0.002	0.667	0.981	0.937	0.657	0.658	0.66	0.987	0.655	0.655	0.663	0.655	0.017	0.0	0.663	0.663	0.986	0.607	0.633	0.924	0.659	0.006	0.625	0.655	0.655	0.655	0.699	0.972	0.44	0.358	0.535	0.021	0.004	0.004	0.025
rs5754234	0.0	0.889	0.694	0.905	0.942	0.654	0.661	0.975	0.656	0.655	0.981	0.981	0.66	0.975	0.657	0.66	0.958	0.66	0.66	0.982	0.963	0.919	0.664	0.667	0.67	0.981	0.981	0.705	1.0	1.0	0.67	0.67	0.67	0.981	0.706	0.002	0.667	0.981	0.937	0.657	0.658	0.66	0.987	0.655	0.655	0.663	0.655	0.017	0.0	0.663	0.663	0.986	0.607	0.633	0.924	0.659	0.006	0.625	0.655	0.655	0.655	0.699	0.972	0.44	0.358	0.535	0.021	0.004	0.004	0.025
rs5754238	0.0	0.626	0.928	0.691	0.664	0.971	0.981	0.672	0.971	0.972	0.668	0.668	0.981	0.672	0.977	0.981	0.685	0.981	0.981	0.669	0.682	0.703	0.989	0.992	0.996	0.683	0.683	0.946	0.67	0.67	1.0	1.0	1.0	0.683	0.949	0.025	0.995	0.683	0.715	0.983	0.983	0.989	0.662	0.978	0.978	0.992	0.978	0.023	0.0	0.991	0.989	0.66	0.909	0.943	0.703	0.984	0.01	0.935	0.979	0.978	0.978	0.935	0.658	0.318	0.256	0.391	0.019	0.005	0.004	0.023
rs1034329	0.0	0.626	0.928	0.691	0.664	0.971	0.981	0.672	0.971	0.972	0.668	0.668	0.981	0.672	0.977	0.981	0.685	0.981	0.981	0.669	0.682	0.703	0.989	0.992	0.996	0.683	0.683	0.946	0.67	0.67	1.0	1.0	1.0	0.683	0.949	0.025	0.995	0.683	0.715	0.983	0.983	0.989	0.662	0.978	0.978	0.992	0.978	0.023	0.0	0.991	0.989	0.66	0.909	0.943	0.703	0.984	0.01	0.935	0.979	0.978	0.978	0.935	0.658	0.318	0.256	0.391	0.019	0.005	0.004	0.023
rs2283789	0.0	0.626	0.928	0.691	0.664	0.971	0.981	0.672	0.971	0.972	0.668	0.668	0.981	0.672	0.977	0.981	0.685	0.981	0.981	0.669	0.682	0.703	0.989	0.992	0.996	0.683	0.683	0.946	0.67	0.67	1.0	1.0	1.0	0.683	0.949	0.025	0.995	0.683	0.715	0.983	0.983	0.989	0.662	0.978	0.978	0.992	0.978	0.023	0.0	0.991	0.989	0.66	0.909	0.943	0.703	0.984	0.01	0.935	0.979	0.978	0.978	0.935	0.658	0.318	0.256	0.391	0.019	0.005	0.004	0.023
rs5749502	0.0	0.893	0.698	0.91	0.945	0.665	0.673	0.956	0.667	0.666	0.962	0.962	0.671	0.956	0.668	0.671	0.974	0.671	0.671	0.963	0.982	0.937	0.677	0.68	0.683	1.0	1.0	0.718	0.981	0.981	0.683	0.683	0.683	1.0	0.72	0.002	0.68	1.0	0.955	0.67	0.671	0.673	0.969	0.668	0.668	0.676	0.668	0.015	0.0	0.676	0.676	0.967	0.619	0.645	0.942	0.671	0.007	0.637	0.667	0.668	0.668	0.713	0.953	0.437	0.368	0.523	0.019	0.004	0.004	0.023
rs5998619	0.0	0.66	0.972	0.728	0.7	0.923	0.933	0.709	0.925	0.924	0.705	0.705	0.933	0.709	0.928	0.933	0.722	0.933	0.933	0.705	0.719	0.741	0.94	0.943	0.947	0.72	0.72	0.997	0.706	0.706	0.949	0.949	0.949	0.72	1.0	0.004	0.944	0.72	0.753	0.933	0.933	0.938	0.696	0.928	0.928	0.94	0.928	0.021	0.0	0.94	0.938	0.696	0.862	0.895	0.741	0.933	0.009	0.887	0.929	0.928	0.928	0.986	0.693	0.339	0.274	0.416	0.024	0.006	0.005	0.029
rs73166630	0.0	0.002	0.002	0.002	0.002	0.024	0.024	0.002	0.022	0.024	0.002	0.002	0.024	0.002	0.024	0.024	0.002	0.024	0.024	0.002	0.002	0.003	0.024	0.024	0.024	0.002	0.002	0.004	0.002	0.002	0.025	0.025	0.025	0.002	0.004	1.0	0.025	0.002	0.002	0.025	0.025	0.025	0.003	0.025	0.025	0.026	0.025	0.001	0.0	0.025	0.025	0.002	0.023	0.024	0.002	0.025	0.0	0.024	0.025	0.025	0.025	0.004	0.002	0.002	0.002	0.002	0.005	0.001	0.001	0.006
rs73166632	0.0	0.623	0.923	0.688	0.661	0.974	0.977	0.669	0.974	0.975	0.665	0.665	0.984	0.669	0.979	0.984	0.681	0.984	0.984	0.666	0.679	0.7	0.984	0.996	0.992	0.68	0.68	0.942	0.667	0.667	0.995	0.995	0.995	0.68	0.944	0.025	1.0	0.68	0.711	0.988	0.988	0.993	0.659	0.983	0.983	0.987	0.983	0.023	0.0	0.986	0.993	0.657	0.913	0.948	0.7	0.989	0.01	0.94	0.984	0.983	0.983	0.931	0.654	0.316	0.255	0.388	0.018	0.005	0.004	0.022
rs2266963	0.0	0.893	0.698	0.91	0.945	0.665	0.673	0.956	0.667	0.666	0.962	0.962	0.671	0.956	0.668	0.671	0.974	0.671	0.671	0.963	0.982	0.937	0.677	0.68	0.683	1.0	1.0	0.718	0.981	0.981	0.683	0.683	0.683	1.0	0.72	0.002	0.68	1.0	0.955	0.67	0.671	0.673	0.969	0.668	0.668	0.676	0.668	0.015	0.0	0.676	0.676	0.967	0.619	0.645	0.942	0.671	0.007	0.637	0.667	0.668	0.668	0.713	0.953	0.437	0.368	0.523	0.019	0.004	0.004	0.023
rs4821104	0.0	0.863	0.728	0.951	0.913	0.693	0.701	0.924	0.695	0.694	0.919	0.919	0.701	0.924	0.698	0.701	0.941	0.701	0.701	0.92	0.938	0.968	0.707	0.71	0.713	0.955	0.955	0.75	0.937	0.937	0.715	0.715	0.715	0.955	0.753	0.002	0.711	0.955	1.0	0.702	0.702	0.705	0.925	0.697	0.697	0.706	0.697	0.015	0.0	0.706	0.706	0.924	0.647	0.672	0.985	0.701	0.007	0.666	0.697	0.698	0.698	0.742	0.921	0.415	0.348	0.499	0.016	0.004	0.003	0.019
rs5754295	0.0	0.616	0.914	0.68	0.652	0.98	0.974	0.66	0.98	0.981	0.656	0.656	0.981	0.661	0.986	0.981	0.672	0.981	0.981	0.657	0.67	0.699	0.981	0.984	0.979	0.67	0.67	0.93	0.657	0.657	0.983	0.983	0.983	0.67	0.933	0.025	0.988	0.67	0.702	1.0	0.994	0.983	0.652	0.993	0.993	0.98	0.993	0.023	0.0	0.979	0.981	0.653	0.907	0.958	0.695	0.986	0.006	0.934	0.978	0.977	0.977	0.919	0.65	0.313	0.253	0.385	0.017	0.005	0.004	0.021
rs2283790	0.0	0.617	0.914	0.681	0.653	0.98	0.974	0.66	0.98	0.981	0.657	0.657	0.981	0.662	0.986	0.981	0.673	0.981	0.981	0.658	0.671	0.699	0.981	0.984	0.979	0.671	0.671	0.93	0.658	0.658	0.983	0.983	0.983	0.671	0.933	0.025	0.988	0.671	0.702	0.994	1.0	0.989	0.657	0.993	0.993	0.98	0.993	0.024	0.0	0.979	0.987	0.653	0.907	0.958	0.696	0.986	0.006	0.933	0.978	0.977	0.977	0.925	0.651	0.312	0.251	0.383	0.018	0.005	0.004	0.021
rs4821108	0.0	0.621	0.921	0.685	0.655	0.969	0.97	0.663	0.969	0.97	0.659	0.659	0.978	0.663	0.975	0.978	0.675	0.978	0.978	0.66	0.673	0.694	0.978	0.99	0.985	0.673	0.673	0.935	0.66	0.66	0.989	0.989	0.989	0.673	0.938	0.025	0.993	0.673	0.705	0.983	0.989	1.0	0.662	0.984	0.984	0.986	0.984	0.023	0.0	0.985	0.992	0.656	0.912	0.949	0.699	0.99	0.009	0.939	0.983	0.982	0.982	0.93	0.653	0.317	0.256	0.387	0.018	0.005	0.004	0.022
rs5754344	0.0	0.89	0.688	0.906	0.938	0.648	0.654	0.972	0.65	0.649	0.977	0.977	0.653	0.972	0.651	0.653	0.954	0.653	0.653	0.978	0.96	0.916	0.656	0.659	0.662	0.969	0.969	0.695	0.987	0.987	0.662	0.662	0.662	0.969	0.696	0.003	0.659	0.969	0.925	0.652	0.657	0.662	1.0	0.654	0.654	0.661	0.654	0.018	0.0	0.661	0.661	0.99	0.605	0.632	0.927	0.658	0.006	0.623	0.652	0.653	0.653	0.695	0.975	0.441	0.358	0.534	0.02	0.004	0.004	0.024
rs4821112	0.0	0.614	0.909	0.676	0.649	0.974	0.967	0.657	0.974	0.975	0.654	0.654	0.975	0.657	0.979	0.975	0.669	0.975	0.975	0.654	0.667	0.693	0.975	0.979	0.975	0.668	0.668	0.925	0.655	0.655	0.978	0.978	0.978	0.668	0.928	0.025	0.983	0.668	0.697	0.993	0.993	0.984	0.654	1.0	1.0	0.985	1.0	0.024	0.0	0.984	0.986	0.655	0.911	0.964	0.699	0.991	0.006	0.938	0.982	0.981	0.981	0.924	0.653	0.313	0.252	0.385	0.017	0.005	0.004	0.021
rs5754352	0.0	0.614	0.909	0.676	0.649	0.974	0.967	0.657	0.974	0.975	0.654	0.654	0.975	0.657	0.979	0.975	0.669	0.975	0.975	0.654	0.667	0.693	0.975	0.979	0.975	0.668	0.668	0.925	0.655	0.655	0.978	0.978	0.978	0.668	0.928	0.025	0.983	0.668	0.697	0.993	0.993	0.984	0.654	1.0	1.0	0.985	1.0	0.024	0.0	0.984	0.986	0.655	0.911	0.964	0.699	0.991	0.006	0.938	0.982	0.981	0.981	0.924	0.653	0.313	0.252	0.385	0.017	0.005	0.004	0.021
rs12169001	0.0	0.62	0.919	0.683	0.658	0.963	0.973	0.666	0.963	0.964	0.662	0.662	0.973	0.666	0.968	0.973	0.678	0.973	0.973	0.663	0.676	0.695	0.98	0.983	0.988	0.676	0.676	0.938	0.663	0.663	0.992	0.992	0.992	0.676	0.94	0.026	0.987	0.676	0.706	0.98	0.98	0.986	0.661	0.985	0.985	1.0	0.985	0.023	0.0	0.997	0.99	0.664	0.915	0.95	0.708	0.991	0.01	0.942	0.986	0.985	0.985	0.936	0.661	0.319	0.257	0.392	0.019	0.005	0.004	0.022
rs738127	0.0	0.614	0.909	0.676	0.649	0.974	0.967	0.657	0.974	0.975	0.654	0.654	0.975	0.657	0.979	0.975	0.669	0.975	0.975	0.654	0.667	0.693	0.975	0.979	0.975	0.668	0.668	0.925	0.655	0.655	0.978	0.978	0.978	0.668	0.928	0.025	0.983	0.668	0.697	0.993	0.993	0.984	0.654	1.0	1.0	0.985	1.0	0.024	0.0	0.984	0.986	0.655	0.911	0.964	0.699	0.991	0.006	0.938	0.982	0.981	0.981	0.924	0.653	0.313	0.252	0.385	0.017	0.005	0.004	0.021
rs8137950	0.0	0.016	0.023	0.017	0.016	0.021	0.021	0.017	0.021	0.021	0.017	0.017	0.021	0.017	0.021	0.021	0.014	0.021	0.021	0.017	0.015	0.015	0.022	0.022	0.022	0.015	0.015	0.021	0.017	0.017	0.023	0.023	0.023	0.015	0.021	0.001	0.023	0.015	0.015	0.023	0.024	0.023	0.018	0.024	0.024	0.023	0.024	1.0	0.0	0.023	0.023	0.018	0.025	0.024	0.016	0.023	0.001	0.005	0.023	0.023	0.023	0.022	0.018	0.006	0.008	0.018	0.026	0.003	0.002	0.032
rs4821114	0.0	0.0	0.0	0.0	0.0	0.0	0.0	0.0	0.0	0.0	0.0	0.0	0.0	0.0	0.0	0.0	0.0	0.0	0.0	0.0	0.0	0.0	0.0	0.0	0.0	0.0	0.0	0.0	0.0	0.0	0.0	0.0	0.0	0.0	0.0	0.0	0.0	0.0	0.0	0.0	0.0	0.0	0.0	0.0	0.0	0.0	0.0	0.0	1.0	0.0	0.0	0.0	0.0	0.0	0.0	0.0	0.0	0.0	0.0	0.0	0.0	0.0	0.0	0.0	0.0	0.0	0.0	0.0	0.0	0.0
rs8139079	0.0	0.62	0.919	0.682	0.658	0.962	0.972	0.665	0.962	0.963	0.662	0.662	0.972	0.665	0.967	0.972	0.678	0.972	0.972	0.663	0.676	0.695	0.979	0.982	0.987	0.676	0.676	0.937	0.663	0.663	0.991	0.991	0.991	0.676	0.94	0.025	0.986	0.676	0.706	0.979	0.979	0.985	0.661	0.984	0.984	0.997	0.984	0.023	0.0	1.0	0.992	0.665	0.918	0.952	0.71	0.993	0.01	0.945	0.989	0.988	0.988	0.939	0.663	0.319	0.257	0.392	0.019	0.005	0.004	0.023
rs2876971	0.0	0.62	0.917	0.682	0.658	0.967	0.97	0.665	0.967	0.968	0.662	0.662	0.978	0.665	0.973	0.978	0.678	0.978	0.978	0.663	0.676	0.694	0.978	0.99	0.985	0.676	0.676	0.935	0.663	0.663	0.989	0.989	0.989	0.676	0.938	0.025	0.993	0.676	0.706	0.981	0.987	0.992	0.661	0.986	0.986	0.99	0.986	0.023	0.0	0.992	1.0	0.66	0.919	0.954	0.704	0.995	0.01	0.946	0.991	0.99	0.99	0.937	0.658	0.316	0.255	0.388	0.019	0.005	0.004	0.022
rs4821116	0.0	0.884	0.684	0.901	0.937	0.645	0.652	0.971	0.646	0.646	0.976	0.976	0.65	0.971	0.647	0.65	0.953	0.65	0.65	0.977	0.959	0.915	0.654	0.657	0.66	0.967	0.967	0.695	0.986	0.986	0.66	0.66	0.66	0.967	0.696	0.002	0.657	0.967	0.924	0.653	0.653	0.656	0.99	0.655	0.655	0.664	0.655	0.018	0.0	0.665	0.66	1.0	0.609	0.635	0.935	0.661	0.006	0.627	0.657	0.657	0.657	0.696	0.983	0.444	0.361	0.54	0.02	0.004	0.004	0.024
rs5754387	0.0	0.567	0.842	0.625	0.602	0.888	0.891	0.609	0.888	0.889	0.606	0.606	0.898	0.609	0.894	0.898	0.621	0.898	0.898	0.607	0.619	0.636	0.898	0.91	0.905	0.619	0.619	0.859	0.607	0.607	0.909	0.909	0.909	0.619	0.862	0.023	0.913	0.619	0.647	0.907	0.907	0.912	0.605	0.911	0.911	0.915	0.911	0.025	0.0	0.918	0.919	0.609	1.0	0.881	0.65	0.92	0.01	0.873	0.916	0.915	0.915	0.861	0.608	0.298	0.239	0.37	0.023	0.006	0.006	0.025
rs7445	0.0	0.592	0.876	0.651	0.627	0.939	0.932	0.635	0.939	0.94	0.631	0.631	0.94	0.635	0.944	0.94	0.647	0.94	0.94	0.632	0.645	0.668	0.94	0.944	0.94	0.645	0.645	0.892	0.633	0.633	0.943	0.943	0.943	0.645	0.895	0.024	0.948	0.645	0.672	0.958	0.958	0.949	0.632	0.964	0.964	0.95	0.964	0.024	0.0	0.952	0.954	0.635	0.881	1.0	0.676	0.959	0.001	0.907	0.951	0.95	0.95	0.894	0.632	0.301	0.242	0.37	0.015	0.004	0.004	0.018
rs4821124	0.0	0.858	0.716	0.944	0.909	0.682	0.689	0.92	0.683	0.683	0.914	0.914	0.69	0.92	0.686	0.69	0.937	0.69	0.69	0.915	0.933	0.962	0.695	0.698	0.701	0.942	0.942	0.738	0.924	0.924	0.703	0.703	0.703	0.942	0.741	0.002	0.7	0.942	0.985	0.695	0.696	0.699	0.927	0.699	0.699	0.708	0.699	0.016	0.0	0.71	0.704	0.935	0.65	0.676	1.0	0.705	0.007	0.67	0.701	0.702	0.702	0.741	0.932	0.418	0.351	0.503	0.016	0.004	0.003	0.019
rs12158299	0.0	0.617	0.914	0.68	0.653	0.966	0.965	0.661	0.966	0.967	0.657	0.657	0.973	0.661	0.972	0.973	0.673	0.973	0.973	0.658	0.671	0.69	0.973	0.985	0.98	0.671	0.671	0.931	0.659	0.659	0.984	0.984	0.984	0.671	0.933	0.025	0.989	0.671	0.701	0.986	0.986	0.99	0.658	0.991	0.991	0.991	0.991	0.023	0.0	0.993	0.995	0.661	0.92	0.959	0.705	1.0	0.008	0.947	0.992	0.991	0.991	0.932	0.658	0.316	0.256	0.389	0.018	0.005	0.004	0.022
rs9619386	0.0	0.006	0.008	0.006	0.006	0.005	0.007	0.006	0.005	0.005	0.006	0.006	0.008	0.006	0.006	0.008	0.007	0.008	0.008	0.006	0.007	0.005	0.008	0.009	0.009	0.007	0.007	0.008	0.006	0.006	0.01	0.01	0.01	0.007	0.009	0.0	0.01	0.007	0.007	0.006	0.006	0.009	0.006	0.006	0.006	0.01	0.006	0.001	0.0	0.01	0.01	0.006	0.01	0.001	0.007	0.008	1.0	0.01	0.01	0.01	0.01	0.009	0.006	0.003	0.0	0.007	0.006	0.0	0.0	0.008
rs5754422	0.0	0.584	0.867	0.643	0.62	0.915	0.917	0.628	0.915	0.916	0.624	0.624	0.925	0.628	0.92	0.925	0.639	0.925	0.925	0.625	0.637	0.655	0.925	0.936	0.932	0.637	0.637	0.885	0.625	0.625	0.935	0.935	0.935	0.637	0.887	0.024	0.94	0.637	0.666	0.934	0.933	0.939	0.623	0.938	0.938	0.942	0.938	0.005	0.0	0.945	0.946	0.627	0.873	0.907	0.67	0.947	0.01	1.0	0.955	0.954	0.954	0.897	0.628	0.298	0.24	0.367	0.015	0.004	0.004	0.018
rs67163745	0.0	0.612	0.908	0.674	0.649	0.958	0.961	0.657	0.958	0.959	0.653	0.653	0.968	0.657	0.964	0.968	0.669	0.968	0.968	0.654	0.667	0.686	0.968	0.98	0.976	0.667	0.667	0.926	0.655	0.655	0.979	0.979	0.979	0.667	0.929	0.025	0.984	0.667	0.697	0.978	0.978	0.983	0.652	0.982	0.982	0.986	0.982	0.023	0.0	0.989	0.991	0.657	0.916	0.951	0.701	0.992	0.01	0.955	1.0	0.999	0.999	0.939	0.658	0.316	0.255	0.388	0.018	0.005	0.004	0.022
rs5754426	0.0	0.612	0.907	0.675	0.65	0.957	0.96	0.658	0.957	0.958	0.654	0.654	0.967	0.658	0.963	0.967	0.67	0.967	0.967	0.655	0.668	0.687	0.967	0.979	0.975	0.668	0.668	0.925	0.655	0.655	0.978	0.978	0.978	0.668	0.928	0.025	0.983	0.668	0.698	0.977	0.977	0.982	0.653	0.981	0.981	0.985	0.981	0.023	0.0	0.988	0.99	0.657	0.915	0.95	0.702	0.991	0.01	0.954	0.999	1.0	1.0	0.94	0.658	0.316	0.256	0.389	0.018	0.005	0.004	0.022
rs4821130	0.0	0.612	0.907	0.675	0.65	0.957	0.96	0.658	0.957	0.958	0.654	0.654	0.967	0.658	0.963	0.967	0.67	0.967	0.967	0.655	0.668	0.687	0.967	0.979	0.975	0.668	0.668	0.925	0.655	0.655	0.978	0.978	0.978	0.668	0.928	0.025	0.983	0.668	0.698	0.977	0.977	0.982	0.653	0.981	0.981	0.985	0.981	0.023	0.0	0.988	0.99	0.657	0.915	0.95	0.702	0.991	0.01	0.954	0.999	1.0	1.0	0.94	0.658	0.316	0.256	0.389	0.018	0.005	0.004	0.022
rs1811069	0.0	0.654	0.958	0.718	0.693	0.909	0.919	0.702	0.911	0.91	0.698	0.698	0.919	0.702	0.914	0.919	0.715	0.919	0.919	0.699	0.712	0.731	0.926	0.929	0.933	0.713	0.713	0.983	0.699	0.699	0.935	0.935	0.935	0.713	0.986	0.004	0.931	0.713	0.742	0.919	0.925	0.93	0.695	0.924	0.924	0.936	0.924	0.022	0.0	0.939	0.937	0.696	0.861	0.894	0.741	0.932	0.009	0.897	0.939	0.94	0.94	1.0	0.697	0.339	0.274	0.416	0.024	0.006	0.005	0.03
rs2298428	0.0	0.881	0.682	0.897	0.934	0.642	0.649	0.967	0.644	0.643	0.962	0.962	0.648	0.967	0.645	0.648	0.95	0.648	0.648	0.963	0.944	0.901	0.652	0.654	0.658	0.953	0.953	0.692	0.972	0.972	0.658	0.658	0.658	0.953	0.693	0.002	0.654	0.953	0.921	0.65	0.651	0.653	0.975	0.653	0.653	0.661	0.653	0.018	0.0	0.663	0.658	0.983	0.608	0.632	0.932	0.658	0.006	0.628	0.658	0.658	0.658	0.697	1.0	0.451	0.367	0.547	0.021	0.005	0.004	0.025
rs11306247	0.0	0.383	0.331	0.4	0.42	0.308	0.313	0.435	0.309	0.309	0.436	0.436	0.312	0.435	0.31	0.312	0.433	0.312	0.312	0.436	0.433	0.407	0.314	0.315	0.317	0.437	0.437	0.338	0.44	0.44	0.318	0.318	0.318	0.437	0.339	0.002	0.316	0.437	0.415	0.313	0.312	0.317	0.441	0.313	0.313	0.319	0.313	0.006	0.0	0.319	0.316	0.444	0.298	0.301	0.418	0.316	0.003	0.298	0.316	0.316	0.316	0.339	0.451	1.0	0.841	0.766	0.007	0.001	0.001	0.009
rs12484001	0.0	0.322	0.269	0.336	0.353	0.25	0.253	0.355	0.251	0.251	0.355	0.355	0.252	0.353	0.251	0.252	0.364	0.252	0.252	0.354	0.365	0.342	0.254	0.255	0.256	0.368	0.368	0.275	0.358	0.358	0.256	0.256	0.256	0.368	0.274	0.002	0.255	0.368	0.348	0.253	0.251	0.256	0.358	0.252	0.252	0.257	0.252	0.008	0.0	0.257	0.255	0.361	0.239	0.242	0.351	0.256	0.0	0.24	0.255	0.256	0.256	0.274	0.367	0.841	1.0	0.659	0.002	0.001	0.001	0.002
rs5754508	0.0	0.464	0.407	0.482	0.505	0.381	0.386	0.53	0.382	0.381	0.53	0.53	0.384	0.528	0.381	0.384	0.517	0.384	0.384	0.529	0.517	0.489	0.386	0.388	0.391	0.523	0.523	0.415	0.535	0.535	0.391	0.391	0.391	0.523	0.416	0.002	0.388	0.523	0.499	0.385	0.383	0.387	0.534	0.385	0.385	0.392	0.385	0.018	0.0	0.392	0.388	0.54	0.37	0.37	0.503	0.389	0.007	0.367	0.388	0.389	0.389	0.416	0.547	0.766	0.659	1.0	0.021	0.004	0.003	0.025
rs5750131	0.0	0.019	0.025	0.018	0.021	0.018	0.019	0.022	0.018	0.018	0.022	0.022	0.019	0.022	0.018	0.019	0.02	0.019	0.019	0.021	0.02	0.016	0.019	0.019	0.019	0.019	0.019	0.024	0.021	0.021	0.019	0.019	0.019	0.019	0.024	0.005	0.018	0.019	0.016	0.017	0.018	0.018	0.02	0.017	0.017	0.019	0.017	0.026	0.0	0.019	0.019	0.02	0.023	0.015	0.016	0.018	0.006	0.015	0.018	0.018	0.018	0.024	0.021	0.007	0.002	0.021	1.0	0.416	0.353	0.462
rs5755799	0.0	0.003	0.006	0.004	0.004	0.005	0.005	0.005	0.005	0.005	0.004	0.004	0.005	0.005	0.005	0.005	0.005	0.005	0.005	0.004	0.004	0.004	0.005	0.005	0.005	0.004	0.004	0.006	0.004	0.004	0.005	0.005	0.005	0.004	0.006	0.001	0.005	0.004	0.004	0.005	0.005	0.005	0.004	0.005	0.005	0.005	0.005	0.003	0.0	0.005	0.005	0.004	0.006	0.004	0.004	0.005	0.0	0.004	0.005	0.005	0.005	0.006	0.005	0.001	0.001	0.004	0.416	1.0	0.848	0.247
rs13056225	0.0	0.002	0.005	0.003	0.003	0.005	0.004	0.004	0.005	0.004	0.004	0.004	0.004	0.004	0.004	0.004	0.004	0.004	0.004	0.004	0.004	0.003	0.004	0.004	0.004	0.004	0.004	0.005	0.004	0.004	0.004	0.004	0.004	0.004	0.005	0.001	0.004	0.004	0.003	0.004	0.004	0.004	0.004	0.004	0.004	0.004	0.004	0.002	0.0	0.004	0.004	0.004	0.006	0.004	0.003	0.004	0.0	0.004	0.004	0.004	0.004	0.005	0.004	0.001	0.001	0.003	0.353	0.848	1.0	0.274
rs9610329	0.0	0.023	0.03	0.021	0.025	0.022	0.023	0.026	0.022	0.022	0.026	0.026	0.022	0.026	0.022	0.022	0.024	0.022	0.022	0.026	0.024	0.019	0.023	0.022	0.023	0.023	0.023	0.029	0.025	0.025	0.023	0.023	0.023	0.023	0.029	0.006	0.022	0.023	0.019	0.021	0.021	0.022	0.024	0.021	0.021	0.022	0.021	0.032	0.0	0.023	0.022	0.024	0.025	0.018	0.019	0.022	0.008	0.018	0.022	0.022	0.022	0.03	0.025	0.009	0.002	0.025	0.462	0.247	0.274	1.0
